45 3.33965
46 3.33965
47 3.33965
48 3.33965
49 3.33965
50 .9041500000000005
51 5.9041500000000005
52 5.9041500000000005
53 5.9041500000000005
54 5.9041500000000005
55 5.9041500000000005
56 5.9041500000000005
57 14.860500000000002
59 15.326900000000002
59 15.326900000000002
60 10.430940000000001
61 10.430940000000001
62 10.430940000000001
63 22.16182
64 26.654379999999996
65 25.286540000000002
66 30.070099999999996
67 27.174860000000002
68 27.061040000000002
69 28.1423
70 24.689140000000002
71 33.489140000000006
72 15.076480000000025
73 31.4777
74 21.7137
75 23.677799999999998
76 23.677799999999998
77 31.694249999999997
78 31.694249999999997
79 31.694249999999997
80 36.47648